,championship,season,markov_voters,lr_1,lr_2,lr_3,lr_4,lr_5,lr_6,naive,rf_1,rf_2,rf_3,rf_4,xgb_1,xgb_2,xgb_3,xgb_4,fuzzy_umap,xgb_class_umap,xgbrf_class_umap,xgb_class_raw,xgbrf_class_raw,xgb_ranker_umap,xgb_ranker_raw
0,ligue-1,2004-2005,97.25,97.29,96.31,96.69,96.97,96.94,96.53,96.31,95.98,96.57,97.08,96.47,95.54,96.37,97.38,95.09,95.69,88.58,95.29,95.99,96.31,90.36,96.37
1,ligue-2,2004-2005,98.17,98.16,97.25,96.49,92.38,92.46,98.24,97.25,97.22,97.63,98.39,98.07,95.75,97.48,97.95,98.05,97.4,85.96,82.81,96.57,96.35,84.17,91.52
2,serie-A,2004-2005,96.35,94.83,95.86,95.78,95.47,96.11,95.94,95.86,94.46,93.96,95.76,95.39,94.01,95.73,95.83,97.7,94.13,88.39,91.23,97.2,98.74,94.25,96.42
3,bundesliga,2004-2005,97.12,96.64,96.84,97.0,98.0,98.33,96.96,96.84,96.52,96.56,97.27,96.16,94.55,94.72,97.4,96.73,98.33,89.45,92.33,96.5,95.69,94.96,95.1
4,premier-league,2004-2005,99.18,99.08,99.53,99.16,99.69,99.69,99.16,99.53,99.36,99.6,99.67,99.35,98.84,98.86,99.35,99.18,95.01,86.86,93.25,99.25,99.55,97.34,98.65
5,liga,2004-2005,99.15,99.63,97.69,99.55,99.48,99.24,99.59,97.69,98.76,99.61,99.68,99.59,98.76,97.93,99.56,98.12,97.71,97.71,92.25,99.24,98.93,90.9,99.19
6,ligue-1,2005-2006,96.95,98.56,99.51,99.25,99.18,99.11,99.08,99.51,97.78,98.79,99.05,98.82,97.34,99.02,98.54,97.67,97.04,94.47,95.43,98.8,99.05,89.68,98.08
7,ligue-2,2005-2006,95.78,96.86,83.89,97.24,96.41,96.71,96.84,83.89,85.05,96.93,96.78,96.61,83.55,96.41,88.19,85.67,80.32,95.47,95.47,96.19,97.29,95.47,94.96
8,serie-A,2005-2006,96.83,97.34,97.36,97.04,96.91,96.77,96.78,97.36,97.32,97.46,96.81,97.55,97.36,96.23,97.44,97.35,80.25,82.12,84.08,93.42,97.04,77.56,97.26
9,bundesliga,2005-2006,98.82,98.68,97.98,98.94,98.57,98.57,98.85,97.98,98.82,98.55,98.79,98.61,98.82,98.61,98.77,98.43,96.63,96.92,98.93,99.14,98.07,93.14,95.52
10,premier-league,2005-2006,97.29,98.01,96.97,97.66,97.63,97.63,97.7,96.97,97.41,97.79,97.67,98.41,98.54,97.6,97.93,98.52,97.06,97.43,90.57,97.19,96.6,87.22,97.46
11,liga,2005-2006,89.35,92.67,93.82,94.72,92.99,92.99,93.91,93.82,93.93,91.96,94.84,94.65,92.13,93.96,95.16,91.37,91.52,73.84,89.89,94.76,94.89,88.66,97.34
12,ligue-1,2006-2007,97.71,96.36,98.13,96.78,95.54,95.74,96.31,98.13,94.84,94.11,94.63,94.26,94.72,93.35,94.47,94.7,83.41,86.95,86.97,96.92,95.68,85.8,94.01
13,ligue-2,2006-2007,94.54,97.12,98.0,97.27,97.65,97.51,97.18,98.0,97.53,98.31,96.97,98.56,96.84,97.68,96.78,98.47,86.38,81.56,83.1,97.8,97.81,77.58,97.44
14,serie-A,2006-2007,97.05,98.66,98.75,98.72,99.37,99.39,98.65,98.75,99.52,98.23,98.82,98.39,99.63,93.77,98.82,95.96,87.21,86.27,93.97,97.11,97.73,87.13,98.67
15,bundesliga,2006-2007,96.92,96.93,96.71,96.65,96.81,96.81,96.65,96.71,94.3,96.28,96.85,96.92,93.01,94.99,97.05,98.75,77.78,96.22,85.15,96.2,97.7,86.45,96.8
16,premier-league,2006-2007,91.64,96.77,98.69,96.52,98.39,98.31,96.56,98.69,96.38,96.18,96.17,96.27,96.88,96.17,96.08,96.17,86.43,87.76,87.76,96.67,95.55,87.76,96.78
17,liga,2006-2007,96.73,97.93,97.38,97.49,97.81,97.81,97.4,97.38,96.98,98.43,97.87,98.15,96.72,97.93,98.53,95.5,87.1,81.89,75.81,97.85,97.71,94.69,97.01
18,ligue-1,2007-2008,93.98,94.26,95.62,94.34,94.46,94.87,94.42,95.62,93.28,92.93,93.81,93.57,93.89,93.68,93.67,94.64,87.18,84.67,84.67,96.19,95.54,84.67,93.18
19,ligue-2,2007-2008,96.58,97.78,97.05,97.45,97.7,97.76,97.54,97.05,96.62,97.38,97.45,97.42,96.47,97.54,96.41,97.3,94.43,83.47,92.75,97.74,96.88,91.55,96.49
20,serie-A,2007-2008,89.24,93.05,92.29,92.89,92.91,92.81,92.89,92.29,92.69,93.01,92.76,93.04,92.56,92.96,92.69,93.04,80.42,79.8,71.79,92.64,92.58,77.77,92.11
21,bundesliga,2007-2008,95.69,98.99,97.35,98.8,99.01,98.79,98.8,97.35,98.83,98.88,99.28,99.0,97.2,99.04,98.77,98.22,97.96,90.87,93.36,98.23,97.48,76.95,98.01
22,premier-league,2007-2008,94.1,95.29,98.05,95.69,97.42,93.81,95.69,98.05,97.49,94.46,94.96,95.64,97.49,95.77,95.21,96.01,89.96,87.51,85.3,97.45,97.96,84.64,97.57
23,liga,2007-2008,96.66,97.88,96.55,98.2,98.58,98.58,97.92,96.55,98.83,98.5,98.28,98.45,98.55,98.19,97.62,98.46,81.52,87.29,78.8,98.37,97.17,76.19,98.2
24,ligue-1,2008-2009,89.8,88.75,91.27,89.16,93.51,92.49,89.27,91.27,89.06,89.15,87.48,89.31,88.97,89.1,88.72,87.87,90.08,91.21,89.75,95.91,95.05,90.68,94.83
25,ligue-2,2008-2009,83.52,86.09,92.55,83.26,82.05,82.98,86.11,92.55,81.97,81.68,84.46,83.19,81.71,84.45,79.89,80.31,80.02,79.06,81.34,83.29,83.01,76.78,85.89
26,serie-A,2008-2009,97.16,98.87,97.88,98.87,98.07,98.1,98.87,97.88,98.98,98.97,98.62,99.25,97.41,99.11,98.12,98.7,89.97,90.84,85.18,98.51,98.4,86.3,98.23
27,bundesliga,2008-2009,98.32,99.02,96.47,98.63,98.45,98.06,99.34,96.47,98.14,97.46,97.15,97.53,97.48,97.37,97.1,97.71,95.72,89.5,90.6,97.68,97.25,91.34,97.91
28,premier-league,2008-2009,90.56,98.15,95.4,97.16,95.59,95.67,97.83,95.4,97.9,94.61,97.37,98.24,98.11,95.18,95.59,95.25,87.73,79.89,77.07,97.74,94.71,81.1,94.78
29,liga,2008-2009,94.9,95.27,96.98,95.32,95.29,95.26,95.27,96.98,94.73,95.0,95.1,95.02,94.73,97.23,98.72,92.28,89.51,93.34,87.8,94.4,94.37,92.12,97.68
30,ligue-1,2009-2010,99.18,97.92,96.72,97.57,98.69,98.69,97.57,96.72,98.43,98.8,92.51,98.46,97.91,98.38,92.59,99.52,97.53,83.14,82.77,96.06,97.69,85.9,98.35
31,ligue-2,2009-2010,96.54,96.37,97.99,97.15,97.43,97.42,97.04,97.99,96.13,96.76,97.19,96.66,96.13,96.93,96.86,96.13,76.95,80.21,76.96,95.35,96.46,79.98,96.67
32,serie-A,2009-2010,93.22,98.55,98.08,98.57,98.59,98.8,98.68,98.08,98.09,98.64,98.7,99.06,96.64,98.86,98.34,98.66,89.9,78.74,92.76,98.74,98.74,91.85,98.16
33,bundesliga,2009-2010,99.06,97.67,98.64,98.6,98.06,96.86,98.75,98.64,98.73,99.03,98.2,98.68,97.79,98.38,96.36,97.05,93.99,94.76,95.93,98.12,98.98,88.9,98.05
34,premier-league,2009-2010,98.26,97.8,96.93,98.28,97.55,97.57,98.32,96.93,96.37,98.03,98.15,97.81,96.92,98.16,94.71,97.66,86.92,76.36,88.69,98.53,95.69,89.33,97.01
35,liga,2009-2010,98.82,99.19,97.9,98.49,99.06,99.06,98.57,97.9,98.25,98.16,98.2,98.14,99.01,97.24,98.52,98.9,95.56,90.8,92.0,96.26,98.42,90.95,98.34
36,ligue-1,2010-2011,97.25,95.81,97.27,96.81,96.84,96.84,96.81,97.27,95.81,95.44,95.17,95.5,95.83,94.18,97.76,95.11,96.11,97.71,94.84,97.1,91.53,96.96,97.19
37,ligue-2,2010-2011,94.06,95.3,95.02,95.92,95.56,96.74,95.9,95.02,93.0,93.94,95.49,92.36,93.0,93.68,94.74,93.18,88.08,78.49,77.7,94.94,95.59,82.09,96.85
38,serie-A,2010-2011,97.04,97.02,96.01,97.88,96.64,96.67,97.82,96.01,97.04,97.2,96.15,97.37,96.84,95.81,96.19,95.8,92.3,79.6,80.18,96.44,96.6,94.74,94.86
39,bundesliga,2010-2011,93.9,97.06,91.21,97.39,97.36,97.41,97.4,91.21,97.16,95.33,95.97,96.81,96.86,96.12,95.34,96.74,72.04,87.54,85.71,94.98,92.73,91.04,93.31
40,premier-league,2010-2011,96.04,96.0,96.68,95.77,96.29,96.29,95.77,96.68,95.09,97.21,97.14,95.69,95.95,95.91,96.49,95.86,93.6,94.15,94.12,96.3,97.36,83.31,95.69
41,liga,2010-2011,92.91,91.24,91.48,90.74,91.18,91.18,91.42,91.48,93.42,94.07,93.07,96.05,93.53,94.59,89.85,94.73,85.02,85.62,77.71,88.38,88.87,83.06,92.75
42,ligue-1,2011-2012,97.63,97.95,95.77,98.36,97.9,97.92,98.39,95.77,98.55,97.98,96.41,97.05,98.16,97.13,86.51,96.53,88.54,88.47,89.39,96.22,95.31,90.38,96.89
43,ligue-2,2011-2012,97.0,96.48,95.48,96.02,96.84,96.91,96.87,95.48,96.41,94.53,93.82,95.82,96.41,82.33,84.98,84.03,93.04,81.37,86.07,84.94,94.52,92.44,84.32
44,serie-A,2011-2012,98.72,98.77,98.81,98.68,97.93,98.2,98.71,98.81,98.5,98.31,98.48,98.51,98.47,98.77,97.69,98.38,87.61,87.48,92.07,97.13,98.16,91.84,98.21
45,bundesliga,2011-2012,97.44,98.52,95.51,98.65,99.5,98.99,99.22,95.51,98.88,96.79,95.78,98.38,98.85,97.34,98.76,98.91,84.7,85.92,81.97,96.71,95.77,79.42,97.15
46,premier-league,2011-2012,96.85,98.41,98.57,98.18,98.22,98.16,98.18,98.57,95.44,98.79,98.4,96.98,94.74,98.58,98.37,98.28,86.45,89.52,89.52,99.25,97.89,89.52,99.63
47,liga,2011-2012,95.37,94.85,96.8,95.25,97.8,97.02,95.21,96.8,98.21,97.28,98.06,97.48,98.15,97.35,98.45,97.46,85.89,77.92,88.66,98.92,98.11,76.47,99.16
48,ligue-1,2012-2013,96.15,98.58,96.47,98.34,98.08,96.79,98.34,96.47,96.98,97.87,96.49,98.23,96.26,97.9,96.28,96.69,83.85,82.5,86.26,97.87,96.56,87.52,97.07
49,ligue-2,2012-2013,96.39,98.47,98.38,97.24,98.03,96.98,97.24,98.38,98.41,97.52,97.35,97.25,98.45,96.89,96.05,97.32,80.7,77.88,77.88,98.45,94.66,77.88,97.43
50,serie-A,2012-2013,99.04,98.68,98.07,98.91,99.06,99.06,98.95,98.07,97.91,98.82,98.41,98.83,97.98,98.91,98.07,97.97,96.66,90.86,93.64,98.31,98.79,90.74,99.66
51,bundesliga,2012-2013,96.89,98.93,98.39,98.76,98.03,97.95,99.04,98.39,97.91,98.56,98.31,97.92,97.91,98.18,98.59,97.37,88.14,84.48,84.48,97.92,97.95,84.48,98.08
52,premier-league,2012-2013,99.3,98.86,99.31,98.74,99.1,99.08,98.73,99.31,98.46,98.8,99.11,98.47,97.86,98.01,98.98,98.14,97.46,87.21,89.01,99.08,98.95,94.62,96.98
53,liga,2012-2013,96.85,98.93,97.44,98.65,98.08,98.41,99.02,97.44,98.03,98.12,98.59,98.64,97.58,97.33,98.03,98.15,80.0,83.6,80.18,97.66,97.79,74.09,94.52
54,ligue-1,2013-2014,93.91,98.48,98.42,99.0,98.78,98.78,99.0,98.42,98.11,98.62,98.65,98.66,98.1,98.03,98.79,97.84,88.81,85.07,83.63,98.37,98.58,84.46,98.88
55,ligue-2,2013-2014,95.16,95.7,96.19,96.47,97.78,97.8,96.82,96.19,95.46,95.88,96.44,95.63,95.11,95.56,96.0,90.69,96.01,74.46,82.62,96.75,96.38,85.78,96.71
56,serie-A,2013-2014,95.18,98.85,98.35,98.52,98.69,98.69,98.52,98.35,98.64,97.92,98.7,98.34,98.26,97.41,98.54,97.31,94.95,84.9,84.9,97.58,98.35,84.38,97.6
57,bundesliga,2013-2014,99.23,99.44,98.36,99.56,98.78,98.79,99.57,98.36,97.98,98.43,98.93,99.04,97.52,99.37,99.23,98.88,88.73,80.69,96.04,98.8,98.3,88.2,98.72
58,premier-league,2013-2014,98.46,97.24,91.67,98.5,98.58,98.59,98.23,91.67,97.38,94.35,98.43,98.11,97.28,95.4,93.05,97.46,94.47,87.73,94.46,95.85,94.38,77.9,97.54
59,liga,2013-2014,91.59,96.63,92.78,91.9,97.0,97.05,91.9,92.78,94.78,91.9,92.35,92.17,95.32,91.5,92.71,91.27,89.79,91.66,77.78,92.47,95.09,86.63,96.41
60,ligue-1,2014-2015,97.94,98.37,92.73,98.35,96.59,96.59,98.35,92.73,96.16,98.2,96.7,98.16,87.8,95.98,97.43,96.85,86.37,86.51,84.22,95.97,93.33,77.02,97.42
61,ligue-2,2014-2015,93.72,96.88,96.25,97.14,96.49,96.8,96.86,96.25,97.33,97.12,97.44,94.7,96.64,93.79,95.47,93.58,91.72,86.41,87.07,96.62,96.13,86.43,95.96
62,serie-A,2014-2015,98.11,99.04,98.72,99.57,99.55,99.51,99.57,98.72,98.89,98.68,99.19,98.77,98.89,97.81,98.62,97.86,92.1,87.42,90.2,98.6,98.97,90.58,99.21
63,bundesliga,2014-2015,93.47,93.48,93.82,93.46,93.09,93.09,97.93,93.82,93.95,93.7,93.49,93.46,97.96,93.09,96.48,92.07,96.87,92.46,96.23,97.62,98.12,93.75,93.58
64,premier-league,2014-2015,93.41,95.14,93.43,94.89,94.97,94.79,94.89,93.43,95.46,95.78,95.9,95.73,96.7,96.86,93.98,94.8,95.58,81.33,91.88,99.05,92.7,86.25,97.75
65,liga,2014-2015,98.11,98.7,98.05,98.53,98.11,98.11,98.94,98.05,98.78,99.26,98.69,98.97,98.83,99.41,98.77,98.98,96.16,91.62,85.95,98.96,98.39,94.54,99.02
66,ligue-1,2015-2016,94.81,98.01,94.82,98.46,97.82,97.82,98.46,94.82,97.01,96.66,95.92,97.24,97.19,96.37,96.43,94.32,94.28,77.97,92.17,95.1,95.87,94.84,94.94
67,ligue-2,2015-2016,94.64,96.96,96.69,96.69,96.28,96.02,97.88,96.69,98.13,96.1,97.08,97.08,98.13,96.13,97.07,95.71,92.01,77.65,84.9,97.32,96.59,91.44,96.98
68,serie-A,2015-2016,96.24,99.24,97.67,99.27,98.85,98.85,99.71,97.67,98.46,99.07,97.26,98.95,98.31,98.8,97.77,97.78,94.99,89.01,91.33,98.31,98.63,81.39,94.72
69,bundesliga,2015-2016,94.93,96.49,96.15,95.33,95.5,95.78,95.33,96.15,95.41,94.01,96.17,94.89,94.93,94.42,94.42,94.55,91.74,91.92,92.93,94.31,95.4,94.25,93.92
70,premier-league,2015-2016,93.79,98.47,98.32,98.54,98.48,98.4,98.82,98.32,98.42,98.92,98.77,98.91,97.03,97.94,98.65,98.23,86.81,91.33,91.78,98.74,98.5,73.59,99.0
71,liga,2015-2016,97.32,97.97,97.28,98.0,97.64,97.72,98.15,97.28,97.77,97.88,98.71,98.25,97.77,97.34,97.82,96.31,93.42,75.85,94.13,96.41,98.75,87.47,96.82
72,ligue-1,2016-2017,97.05,98.03,96.11,98.03,97.53,97.06,98.42,96.11,98.15,97.54,97.14,97.12,97.18,98.25,94.86,98.71,91.29,86.42,89.99,97.01,97.34,80.57,97.74
73,ligue-2,2016-2017,92.03,92.02,91.22,92.69,92.65,92.32,92.73,91.22,93.62,92.53,91.82,92.71,93.62,91.49,92.94,88.21,92.76,91.14,79.54,95.48,93.97,82.0,93.13
74,serie-A,2016-2017,98.75,99.25,98.91,99.36,99.07,99.04,98.61,98.91,99.31,98.97,98.61,98.9,99.08,98.39,98.92,99.08,99.05,96.29,92.89,98.54,98.66,96.43,98.35
75,bundesliga,2016-2017,97.67,98.88,97.94,98.77,99.85,99.85,98.79,97.94,99.92,98.66,99.01,98.54,98.95,96.75,98.58,97.06,81.13,77.26,94.87,99.14,98.92,80.67,99.15
76,premier-league,2016-2017,97.66,98.43,97.51,98.3,98.35,98.38,98.3,97.51,98.06,96.12,96.43,98.52,97.85,95.22,94.63,94.37,89.96,90.34,81.08,95.83,95.75,92.26,95.55
77,liga,2016-2017,99.32,99.32,99.6,99.27,99.4,99.21,99.27,99.6,98.9,99.3,98.87,99.23,98.9,98.88,99.05,99.46,98.09,73.96,88.68,98.65,98.4,80.4,98.23
78,ligue-1,2017-2018,96.91,97.88,97.08,97.55,96.2,96.2,97.55,97.08,96.95,96.01,98.67,96.02,96.8,96.4,97.22,98.47,89.77,91.73,85.06,97.18,97.4,91.44,96.63
79,ligue-2,2017-2018,97.17,98.35,98.36,98.95,98.97,99.02,98.7,98.36,97.38,99.02,98.97,99.63,97.36,97.75,98.44,98.85,91.97,89.56,87.24,98.13,97.61,87.95,96.17
80,serie-A,2017-2018,98.1,98.92,97.97,98.76,98.78,98.84,98.76,97.97,99.12,98.04,97.01,97.56,98.79,96.28,96.11,96.48,91.0,76.07,76.07,93.4,97.33,76.07,96.6
81,bundesliga,2017-2018,98.54,98.81,96.71,98.98,98.76,98.76,98.81,96.71,98.5,98.62,98.63,98.12,98.27,98.0,98.64,97.3,78.76,79.94,79.94,98.4,98.03,79.94,98.51
82,premier-league,2017-2018,98.79,98.98,96.97,99.3,95.66,98.94,99.32,96.97,97.62,97.65,99.53,98.14,97.7,98.03,98.63,98.92,71.96,81.44,81.35,98.45,99.12,91.87,95.67
83,liga,2017-2018,92.92,98.33,98.82,98.27,98.51,98.09,98.27,98.82,98.36,98.28,98.52,97.5,98.36,96.49,96.76,96.63,87.87,82.56,82.56,98.36,98.69,82.56,98.65
84,ligue-1,2018-2019,93.34,99.49,99.3,99.25,98.84,98.84,99.28,99.3,99.05,98.6,99.63,98.68,98.22,99.0,99.53,98.42,82.3,89.04,88.95,99.02,99.52,89.04,99.02
85,ligue-2,2018-2019,96.17,97.83,94.62,97.91,98.02,98.02,97.91,94.62,97.02,96.33,94.69,97.34,96.85,94.89,94.45,95.51,77.07,89.32,90.91,93.94,95.63,86.19,95.74
86,serie-A,2018-2019,94.99,98.14,97.88,98.35,98.04,98.14,98.35,97.88,97.87,97.66,97.01,97.91,97.3,98.12,98.06,97.64,82.8,90.16,88.74,98.36,97.97,93.26,95.6
87,bundesliga,2018-2019,97.63,98.27,98.14,97.83,97.03,97.05,97.83,98.14,98.38,98.46,98.53,98.4,97.29,97.33,98.6,98.51,98.83,88.2,88.2,98.09,98.32,88.2,97.11
88,premier-league,2018-2019,98.61,98.63,98.9,99.06,98.71,98.52,99.01,98.9,98.48,99.23,98.87,98.82,97.57,98.44,98.32,98.75,92.89,87.09,87.09,98.84,98.91,87.76,98.38
89,liga,2018-2019,98.5,98.0,95.11,98.67,98.65,98.39,98.6,95.11,95.91,97.71,97.69,98.38,95.18,98.14,97.28,98.26,88.74,86.86,82.97,97.59,97.22,74.06,98.73
