,championship,season,markov_voters,lr_1,lr_2,lr_3,lr_4,lr_5,lr_6,naive,rf_1,rf_2,rf_3,rf_4,xgb_1,xgb_2,xgb_3,xgb_4,fuzzy_umap,xgb_class_umap,xgbrf_class_umap,xgb_class_raw,xgbrf_class_raw,xgb_ranker_umap,xgb_ranker_raw
0,ligue-1,2004-2005,97.74,96.9,96.78,96.61,97.11,97.1,96.38,96.78,95.44,96.6,96.7,96.33,95.39,96.4,97.3,95.82,96.23,96.21,88.9,95.72,96.12,93.04,95.37
1,ligue-2,2004-2005,94.05,98.39,97.43,97.82,94.13,94.19,98.39,97.43,96.75,98.05,98.4,97.73,96.23,97.75,97.42,97.54,86.99,84.34,87.03,95.12,97.38,81.64,93.66
2,serie-A,2004-2005,98.23,96.09,97.33,97.45,97.42,97.72,97.55,97.33,95.72,95.64,98.34,96.7,95.5,96.3,96.51,98.37,87.03,87.89,89.58,97.96,99.09,89.58,97.6
3,bundesliga,2004-2005,95.81,96.79,96.71,97.1,98.32,98.49,97.02,96.71,96.74,96.75,97.25,95.99,96.05,96.22,97.05,97.15,81.14,78.24,81.37,96.29,95.99,75.02,96.44
4,premier-league,2004-2005,98.58,98.84,99.13,98.93,99.38,99.38,98.93,99.13,98.98,99.26,99.17,98.81,98.57,98.72,98.63,99.02,78.67,73.44,82.17,98.88,98.88,77.53,98.37
5,liga,2004-2005,96.59,99.19,97.31,99.16,98.98,98.77,99.21,97.31,98.01,99.11,99.31,99.21,98.5,98.06,99.58,97.93,93.62,84.3,89.65,98.95,98.69,85.55,98.77
6,ligue-1,2005-2006,97.51,98.74,98.95,99.3,99.23,99.18,99.16,98.95,98.65,98.0,98.37,97.98,97.48,98.58,98.19,96.64,94.0,82.6,87.97,97.96,98.65,83.62,98.5
7,ligue-2,2005-2006,95.5,96.01,93.7,96.39,95.66,95.84,96.07,93.7,95.72,96.27,95.85,96.1,93.48,95.74,95.12,94.53,80.18,83.55,83.55,96.08,96.7,83.55,95.75
8,serie-A,2005-2006,95.45,96.62,97.5,96.33,96.22,96.08,96.1,97.5,97.22,97.12,96.68,97.28,97.14,96.71,96.53,97.0,91.45,73.9,80.83,93.55,96.48,78.93,96.41
9,bundesliga,2005-2006,93.05,98.48,97.95,98.58,98.57,98.57,98.61,97.95,98.4,97.89,99.19,97.53,98.4,98.43,98.25,97.88,91.62,80.88,85.25,99.37,97.68,79.89,96.17
10,premier-league,2005-2006,95.31,98.34,97.4,98.02,97.99,97.99,98.07,97.4,98.23,98.27,98.14,98.56,98.61,98.18,98.23,98.66,88.77,80.82,77.35,97.56,96.89,84.05,96.52
11,liga,2005-2006,92.9,95.97,91.89,96.37,95.15,95.15,96.06,91.89,94.97,91.56,93.27,92.8,94.87,92.42,92.83,91.16,85.6,86.48,89.14,92.82,92.57,79.12,97.5
12,ligue-1,2006-2007,95.17,96.28,98.37,96.29,94.92,95.08,96.03,98.37,93.81,93.89,93.97,93.66,93.81,92.57,94.05,93.99,71.82,83.51,74.27,96.71,95.59,85.18,94.4
13,ligue-2,2006-2007,96.35,97.29,97.71,97.46,96.8,97.86,97.36,97.71,97.69,97.79,97.65,98.78,97.25,97.67,97.15,98.55,89.72,89.46,91.11,96.67,97.97,85.89,96.45
14,serie-A,2006-2007,96.65,98.14,98.24,98.22,98.8,98.78,98.15,98.24,98.91,97.82,98.32,97.86,99.38,93.85,98.25,97.06,91.18,83.65,81.24,97.64,97.79,84.21,98.59
15,bundesliga,2006-2007,95.19,96.53,96.68,95.76,96.02,96.02,95.76,96.68,95.44,94.42,96.03,95.99,94.32,95.38,95.83,98.31,92.84,77.14,81.85,94.3,97.59,87.53,95.18
16,premier-league,2006-2007,92.18,96.69,98.84,96.39,98.71,98.21,96.45,98.84,96.61,98.67,96.13,96.02,96.76,96.13,95.82,96.3,96.74,85.8,85.8,96.94,95.13,85.8,96.98
17,liga,2006-2007,96.43,97.97,97.48,97.22,97.68,97.68,97.12,97.48,95.62,97.52,97.13,97.02,95.62,97.31,97.86,95.11,68.63,82.21,81.02,97.79,97.7,86.24,95.6
18,ligue-1,2007-2008,94.16,95.67,96.4,95.76,95.91,96.28,95.84,96.4,95.56,94.91,95.38,95.11,95.52,95.14,95.16,95.97,83.39,91.04,93.3,97.09,95.96,91.58,94.69
19,ligue-2,2007-2008,96.44,97.33,96.93,97.11,97.22,97.33,97.19,96.93,96.18,96.98,97.13,96.84,96.06,97.16,96.23,96.97,92.71,92.92,91.22,97.27,96.79,85.65,96.26
20,serie-A,2007-2008,93.77,94.28,93.57,94.04,94.07,94.0,94.04,93.57,93.63,94.12,94.04,94.26,93.69,94.11,94.06,94.25,91.75,90.54,97.04,93.72,93.72,78.15,93.34
21,bundesliga,2007-2008,98.41,98.87,98.14,98.48,98.76,98.34,98.48,98.14,98.15,98.68,99.49,98.11,96.48,98.21,98.45,97.53,87.46,90.35,87.15,97.53,97.15,71.18,97.33
22,premier-league,2007-2008,95.16,97.31,98.3,98.22,97.4,96.58,98.22,98.3,97.63,96.79,98.3,97.7,97.63,98.34,97.72,98.47,83.06,81.03,85.58,97.32,97.7,86.25,97.33
23,liga,2007-2008,96.62,98.22,97.26,98.48,98.43,98.43,98.25,97.26,98.49,98.68,98.1,98.68,98.29,98.1,98.06,98.65,91.46,85.98,80.06,98.73,97.81,83.98,98.4
24,ligue-1,2008-2009,90.09,89.25,92.19,89.84,93.28,92.88,90.07,92.19,89.11,89.83,88.89,89.79,89.11,89.66,88.79,89.03,88.85,76.66,74.41,96.15,96.02,77.17,95.55
25,ligue-2,2008-2009,87.92,90.14,94.02,91.17,89.21,90.49,92.22,94.02,86.4,86.38,87.64,80.1,86.07,87.47,79.94,78.98,94.8,85.92,81.68,90.71,79.67,76.14,92.13
26,serie-A,2008-2009,96.27,97.98,96.58,97.98,96.95,96.98,97.98,96.58,98.27,98.27,97.39,98.41,96.87,98.34,96.99,98.06,85.69,77.01,71.23,97.68,96.98,84.85,96.96
27,bundesliga,2008-2009,96.76,98.82,93.75,98.54,97.48,97.06,99.18,93.75,97.96,95.67,95.89,98.42,97.93,96.22,96.26,96.31,91.86,90.88,88.43,96.65,95.79,88.64,96.53
28,premier-league,2008-2009,97.16,98.35,96.8,96.95,96.72,96.78,97.57,96.8,97.86,97.23,97.82,97.8,97.88,95.97,96.76,96.03,85.46,84.64,89.62,97.88,96.08,77.12,96.16
29,liga,2008-2009,94.92,96.23,96.94,96.24,96.16,96.1,96.19,96.94,95.62,95.98,96.35,95.99,95.49,97.3,98.41,92.72,83.4,86.07,93.34,95.7,95.69,80.89,97.61
30,ligue-1,2009-2010,98.98,96.04,93.66,95.02,98.46,98.46,95.02,93.66,96.19,98.98,91.53,99.26,95.51,98.51,91.38,99.48,93.23,91.96,94.39,94.5,95.28,93.99,98.18
31,ligue-2,2009-2010,96.07,95.73,98.18,97.74,96.7,96.68,97.46,98.18,95.38,97.33,97.75,97.66,95.38,97.41,97.22,96.93,83.1,85.7,85.04,95.71,97.23,85.2,97.57
32,serie-A,2009-2010,97.69,98.07,97.73,98.1,98.21,98.3,98.21,97.73,97.71,98.12,98.02,98.2,95.41,98.64,98.55,98.22,88.09,84.42,71.25,98.44,98.49,72.66,97.75
33,bundesliga,2009-2010,96.16,97.82,98.36,98.45,98.22,97.51,98.58,98.36,98.47,98.33,98.39,98.33,97.47,97.95,97.14,94.4,98.19,86.17,86.17,98.27,99.33,86.17,98.65
34,premier-league,2009-2010,98.66,98.43,97.89,98.81,98.23,98.24,98.83,97.89,96.8,98.38,98.41,98.2,96.74,98.14,96.45,97.7,88.45,90.86,92.3,98.86,93.9,94.26,96.18
35,liga,2009-2010,98.43,98.67,97.93,98.04,98.52,98.52,98.11,97.93,97.53,97.31,98.59,97.74,98.97,97.35,97.57,98.46,90.96,92.04,88.37,95.68,97.8,89.78,97.55
36,ligue-1,2010-2011,97.84,96.23,96.99,96.79,96.55,96.55,96.79,96.99,96.45,95.81,96.38,95.81,96.52,94.98,97.88,95.7,86.63,82.08,88.48,96.93,90.66,80.61,97.13
37,ligue-2,2010-2011,85.82,90.85,91.32,95.21,94.85,96.22,95.12,91.32,85.31,85.5,94.37,85.14,85.31,85.7,94.62,85.12,77.68,75.34,85.64,94.59,94.08,75.15,93.15
38,serie-A,2010-2011,95.88,97.31,94.39,98.53,96.87,96.99,98.45,94.39,97.79,98.02,96.89,98.38,97.63,95.83,96.43,96.16,75.08,75.41,73.29,97.2,97.24,81.9,95.62
39,bundesliga,2010-2011,92.27,97.11,92.91,97.53,97.63,97.65,97.54,92.91,97.47,96.11,96.94,97.02,97.26,96.89,95.84,97.33,80.62,80.33,82.86,95.33,94.18,81.49,94.55
40,premier-league,2010-2011,91.3,96.47,97.14,96.06,96.53,96.53,96.06,97.14,96.59,97.13,95.92,96.88,96.4,96.05,96.91,96.2,75.97,78.55,80.82,96.57,97.29,87.22,96.28
41,liga,2010-2011,94.37,91.38,93.84,91.03,91.41,91.41,91.47,93.84,95.4,95.78,92.46,95.31,95.46,96.26,90.43,96.3,83.47,87.2,91.88,89.57,90.02,85.91,93.06
42,ligue-1,2011-2012,93.06,97.58,95.56,97.86,97.27,97.31,97.85,95.56,98.01,97.71,96.89,97.9,97.7,96.97,91.49,96.45,89.54,82.55,87.5,96.06,95.51,87.1,97.41
43,ligue-2,2011-2012,91.88,96.3,91.88,95.99,96.39,96.46,96.54,91.88,91.5,95.24,89.92,94.79,91.36,87.32,94.06,92.5,87.75,82.59,92.46,89.8,91.04,82.49,88.32
44,serie-A,2011-2012,97.38,98.33,98.56,97.93,97.57,97.77,97.97,98.56,98.13,97.68,97.7,98.28,98.19,98.08,97.09,98.08,92.13,89.02,92.31,97.36,97.27,87.22,98.46
45,bundesliga,2011-2012,94.82,98.64,96.81,98.69,99.37,98.97,99.15,96.81,98.99,96.42,96.44,98.63,98.95,97.12,98.82,99.11,78.5,85.75,76.07,97.55,97.26,82.61,97.28
46,premier-league,2011-2012,97.44,98.02,98.07,97.85,97.84,97.89,97.85,98.07,95.37,97.99,98.54,97.92,94.22,98.57,98.61,98.34,86.61,91.32,85.11,99.17,97.56,89.88,99.59
47,liga,2011-2012,97.17,94.77,97.19,95.15,98.21,97.69,95.13,97.19,98.36,97.77,98.05,98.52,97.88,97.9,98.81,97.76,87.83,88.63,90.57,98.97,98.02,88.23,99.1
48,ligue-1,2012-2013,92.0,97.79,94.82,97.54,97.37,95.25,97.54,94.82,95.27,96.9,94.88,97.6,94.46,97.01,94.74,94.9,85.91,87.99,93.6,97.24,95.14,82.98,95.25
49,ligue-2,2012-2013,96.43,98.1,97.78,97.41,97.23,96.69,97.41,97.78,98.17,97.89,95.75,97.7,98.35,97.15,94.05,97.48,85.53,85.03,78.81,97.84,92.68,89.64,96.98
50,serie-A,2012-2013,94.74,98.53,97.2,98.72,98.98,98.96,98.76,97.2,97.95,98.83,97.94,98.9,98.07,98.75,97.83,98.08,92.49,85.99,94.77,97.27,98.5,87.66,98.96
51,bundesliga,2012-2013,98.65,99.19,98.58,98.95,98.43,98.37,99.21,98.58,98.53,98.46,98.39,98.46,97.5,98.39,98.62,97.85,92.77,77.91,85.87,98.15,98.24,88.33,98.46
52,premier-league,2012-2013,97.58,98.01,98.48,97.92,98.25,98.18,97.93,98.48,97.68,97.99,98.26,97.77,96.52,97.27,98.17,97.35,85.24,88.39,82.44,98.82,98.25,90.28,97.04
53,liga,2012-2013,92.08,98.55,97.14,98.35,97.76,98.03,98.66,97.14,97.96,98.38,98.2,98.46,97.32,97.12,97.68,97.63,80.24,90.25,80.12,96.79,97.33,82.14,94.63
54,ligue-1,2013-2014,97.4,98.74,98.76,99.09,98.94,98.94,99.09,98.76,98.55,98.6,98.99,98.95,98.43,97.73,98.99,98.24,88.08,76.66,79.09,98.83,98.28,81.36,99.06
55,ligue-2,2013-2014,95.15,96.3,96.82,97.02,98.06,98.11,97.35,96.82,95.3,96.11,96.78,96.18,95.22,95.24,96.35,90.24,82.36,84.04,75.61,97.42,96.26,81.7,96.71
56,serie-A,2013-2014,97.04,97.92,97.72,97.6,97.71,97.71,97.6,97.72,97.65,97.48,97.68,97.44,97.46,96.54,97.65,96.45,94.23,88.87,90.27,96.81,97.42,81.35,96.49
57,bundesliga,2013-2014,98.83,99.45,98.92,99.66,98.69,98.71,99.66,98.92,98.63,99.64,99.48,98.86,97.72,99.41,99.16,99.1,74.4,86.67,89.31,98.97,97.62,90.33,99.06
58,premier-league,2013-2014,97.07,94.84,88.7,97.78,98.12,98.19,97.53,88.7,96.99,97.47,98.25,97.7,96.99,96.67,93.22,96.12,74.26,81.87,81.87,96.16,92.92,81.87,95.03
59,liga,2013-2014,93.42,95.8,95.9,93.93,95.95,96.0,93.93,95.9,94.5,94.26,95.35,93.71,97.28,94.5,94.24,93.4,95.5,86.14,86.14,93.82,94.38,86.14,95.48
60,ligue-1,2014-2015,95.91,98.38,91.94,98.45,95.6,95.6,98.45,91.94,94.61,98.25,95.88,98.08,88.17,95.9,96.64,96.76,92.1,72.77,93.22,96.05,92.32,76.51,97.34
61,ligue-2,2014-2015,98.35,96.5,95.99,96.67,96.3,96.86,96.49,95.99,97.08,97.63,97.01,93.78,96.32,93.13,95.36,92.93,87.67,85.23,83.23,95.76,95.94,80.62,95.33
62,serie-A,2014-2015,92.5,98.57,98.46,99.24,99.25,99.22,99.24,98.46,98.61,98.57,98.53,98.71,98.25,97.95,98.49,97.69,83.59,80.97,84.62,98.41,98.7,83.57,98.88
63,bundesliga,2014-2015,96.41,96.46,96.54,96.49,96.02,96.02,98.68,96.54,96.86,96.69,96.4,96.5,98.73,96.25,97.46,95.17,91.35,79.87,83.7,97.3,98.63,88.07,96.35
64,premier-league,2014-2015,92.3,95.48,93.99,95.2,95.28,95.12,95.2,93.99,95.39,97.16,94.82,94.41,96.3,96.46,94.62,95.12,88.97,85.51,88.79,99.11,92.55,86.4,97.67
65,liga,2014-2015,97.46,98.27,96.68,98.15,97.84,97.84,99.25,96.68,97.44,98.53,97.16,98.4,97.37,99.58,98.28,98.42,95.11,86.93,83.96,97.88,97.87,69.38,97.81
66,ligue-1,2015-2016,94.99,97.88,95.45,98.44,97.68,97.68,98.44,95.45,97.11,97.79,96.48,97.15,97.11,96.21,96.6,94.41,82.65,84.37,82.46,95.61,96.19,82.25,93.58
67,ligue-2,2015-2016,93.03,96.93,96.86,96.67,97.37,96.27,97.37,96.86,97.65,96.78,97.08,97.04,97.65,96.73,97.79,95.87,82.86,80.27,79.48,98.18,96.66,81.58,97.96
68,serie-A,2015-2016,96.79,99.32,97.52,99.38,99.0,99.0,99.73,97.52,97.94,98.4,98.53,98.27,97.91,98.22,97.2,97.14,83.89,79.05,83.79,98.58,98.8,82.3,92.85
69,bundesliga,2015-2016,93.98,97.04,96.79,96.53,96.68,96.99,96.53,96.79,96.29,96.25,96.12,95.81,95.89,95.97,95.96,96.22,77.74,81.31,84.81,95.8,97.13,81.23,94.43
70,premier-league,2015-2016,98.53,98.74,98.73,98.81,98.47,98.39,98.96,98.73,98.74,98.94,98.78,98.82,95.29,98.21,98.7,98.51,89.71,86.98,81.21,98.46,98.64,82.96,99.21
71,liga,2015-2016,97.53,98.45,97.42,98.49,98.1,98.22,98.55,97.42,98.57,98.52,98.54,98.27,98.3,98.13,97.92,96.02,89.59,82.04,96.25,95.34,98.7,94.69,97.08
72,ligue-1,2016-2017,96.42,97.73,94.87,97.73,97.24,96.76,98.13,94.87,97.91,97.15,97.44,96.88,96.25,98.01,95.62,98.74,91.89,74.11,74.11,97.14,97.29,74.11,97.79
73,ligue-2,2016-2017,89.88,88.44,88.06,89.07,89.45,89.12,89.1,88.06,91.19,89.71,88.93,90.44,91.19,88.44,89.82,88.64,93.25,88.92,89.81,91.6,92.52,82.42,89.66
74,serie-A,2016-2017,96.18,99.35,99.1,99.44,99.14,99.16,99.1,99.1,97.98,99.18,99.05,99.02,97.83,98.86,97.56,99.14,85.05,78.9,85.81,97.09,98.17,82.44,97.28
75,bundesliga,2016-2017,98.28,99.19,98.52,99.09,99.74,99.8,99.23,98.52,99.42,99.16,99.16,99.17,99.42,98.07,98.96,98.17,97.38,80.71,87.28,99.37,98.58,93.99,99.47
76,premier-league,2016-2017,97.08,98.58,97.28,98.46,98.86,98.83,98.46,97.28,98.61,97.47,97.66,97.96,98.49,96.58,95.93,96.17,81.93,90.99,80.26,96.64,96.23,93.97,96.95
77,liga,2016-2017,98.6,98.54,99.04,98.51,98.72,98.6,98.51,99.04,98.21,98.51,98.36,98.46,98.23,97.56,98.52,98.81,94.75,93.23,93.56,98.1,98.08,85.03,97.96
78,ligue-1,2017-2018,94.84,97.94,97.38,97.74,97.36,97.36,97.74,97.38,97.09,96.85,98.05,97.27,97.17,97.62,97.22,98.62,91.32,80.22,80.22,96.33,97.56,80.22,96.69
79,ligue-2,2017-2018,99.15,98.79,98.66,99.33,99.01,99.09,99.15,98.66,96.46,97.94,98.15,99.79,96.94,97.99,98.76,98.37,86.08,85.76,84.63,98.63,98.15,79.12,96.03
80,serie-A,2017-2018,98.37,98.99,97.55,98.75,98.81,98.85,98.75,97.55,99.05,97.13,97.28,97.19,98.82,96.11,95.8,96.32,82.12,92.66,90.47,93.32,97.09,77.25,95.92
81,bundesliga,2017-2018,94.81,98.3,97.45,98.55,98.32,98.32,98.29,97.45,98.22,97.77,98.24,97.42,98.2,97.9,98.68,96.03,89.21,85.23,85.8,97.03,97.07,86.16,98.15
82,premier-league,2017-2018,98.71,98.89,96.07,99.07,96.75,98.76,99.07,96.07,97.43,98.07,98.99,98.54,97.25,98.61,97.99,98.86,88.68,78.09,94.93,98.69,98.29,94.83,95.13
83,liga,2017-2018,93.66,98.66,98.97,98.6,98.76,98.47,98.6,98.97,98.07,98.98,98.86,98.34,98.07,96.4,97.14,97.08,91.57,90.73,83.63,97.84,98.77,91.28,98.84
84,ligue-1,2018-2019,94.75,99.6,99.37,99.46,99.1,99.1,99.51,99.37,99.24,98.72,99.7,99.03,98.32,99.02,99.07,98.45,92.3,78.63,78.63,98.77,99.32,78.63,99.17
85,ligue-2,2018-2019,98.27,98.16,94.7,98.19,98.25,98.25,98.19,94.7,97.44,97.3,95.02,97.77,96.69,95.4,94.81,95.96,91.45,90.23,85.85,94.61,96.97,85.85,95.95
86,serie-A,2018-2019,95.37,98.21,98.22,98.57,98.13,98.3,98.57,98.22,98.23,97.6,97.72,97.69,96.85,97.79,98.29,97.36,82.13,82.36,85.98,98.01,98.37,90.04,95.0
87,bundesliga,2018-2019,96.33,97.57,97.13,97.28,96.52,96.55,97.28,97.13,98.83,98.74,98.43,98.39,97.39,97.5,99.02,98.49,75.06,80.98,76.43,97.38,97.38,84.49,96.62
88,premier-league,2018-2019,97.46,97.84,98.12,98.2,97.97,97.81,98.13,98.12,97.74,99.0,97.71,98.02,97.35,97.17,97.06,97.97,88.91,88.4,90.01,97.99,98.31,90.19,97.16
89,liga,2018-2019,97.8,98.06,95.54,98.58,98.8,98.73,98.14,95.54,96.66,98.46,97.87,98.23,94.91,97.71,96.61,97.96,95.97,80.03,95.4,97.37,97.28,96.51,98.68
